"","growthR","avgCC","avgwaterT","Dens","PP","fooda"
"1",78.9666408391536,52.2079344838858,15.9522799276082,30.5471677146852,14.3433398650959,12.8806239536498
"2",42.9220714832457,55.8282003970817,13.2142208052267,60.966244856827,7.36858785408549,12.5425230026012
"3",61.6715979197129,80.0723371328786,10.120778112007,89.3887091707438,26.4327896505129,23.0212131656008
"4",55.9225070822651,61.8419979000464,14.2879126263516,62.7496035583317,20.7498532396276,15.6309323852183
"5",103.406243987515,0.913602812215686,8.21981746304248,25.9689045418054,30.7534256358631,21.3414382720366
"6",80.108955563851,70.9316494176164,16.8562456691372,25.883176298812,3.53192273085006,6.96404150815215
"7",55.6087121735726,71.0192943923175,19.0158471071294,49.0646823355928,2.47862808546051,10.8129908477422
"8",61.4582825740467,70.3197459923103,16.5253077713507,50.872216867283,27.3207032938953,21.5359476023586
"9",29.0125033906395,56.5043384209275,9.70363760819393,96.3615443138406,14.1359744770452,16.9116867887788
"10",53.0848997133518,57.2245544288307,8.30672289976584,44.6790604200214,8.67091514542699,10.4073630769271
"11",64.329075011285,29.5189142925665,11.3826721655205,62.1279618982226,29.8095768576022,23.2310146769742
"12",103.182398046181,29.860015399754,14.9338823966682,20.7697768509388,33.7203168603592,22.9847501097247
"13",75.6615429903979,62.8885242855176,10.2010683059426,28.4224476013333,24.9040961849969,17.4849433266791
"14",74.0593297680374,14.7155428538099,9.2278953762725,61.3013352779672,22.9002469221596,16.8517669221619
"15",31.5691906015588,51.2297320878133,9.65228363392609,107.556105013937,28.5708001863677,21.1147094693733
"16",80.9159418405899,44.4289386970922,13.2145063408783,21.4769959496334,17.8162959965412,14.8028484814567
"17",83.1244092665546,50.6934606237337,14.9434005866892,79.2174036195502,27.7366605822463,23.6565528869396
"18",39.6892865823981,90.4612988233566,17.4072306498087,99.4537475565448,3.11747220251709,9.13008575513959
"19",79.1575491249827,1.51804629713297,11.2832925879796,31.1625103279948,14.6866031237878,13.3128819167614
"20",79.9104691228497,90.5567468842492,11.1808437896626,22.2126539843157,12.646690092748,12.8930122941965
"21",26.2287287941535,48.1045477325097,19.1013426514609,110.562759456225,9.77317333244719,10.2620657767402
"22",85.2851380770427,93.3457191335037,12.8469509523628,49.0090765571222,30.5922044909094,21.2899409875972
"23",60.3353589129701,75.595478550531,14.3758432551154,66.2230268865824,12.5808789397124,12.2976761149475
"24",96.1790435497715,63.3428499335423,15.2871050287836,24.2219889583066,13.1375252853613,16.5153873515083
"25",65.9586948949711,89.2736121080816,17.0822871601475,51.682494841516,24.4114114684053,17.658971974859
"26",50.3844506991761,14.6809219382703,14.5178190757121,95.1342062838376,27.1251988471486,20.1208131406456
"27",62.6743821063678,97.1854893257841,20.395724669631,57.9854743136093,6.98388184444048,12.1455022589071
"28",51.9836802729605,28.2996765570715,14.1811368184696,89.4125036010519,8.75703157880343,12.8287360515678
"29",65.893879447904,14.5610071718693,16.988539676315,64.337531644851,19.540058278013,15.6929165632464
"30",35.1053162066,73.6218401230872,12.917756954075,101.901710410602,18.9047959810123,18.7601709396113
"31",56.9412945055802,83.5832016076893,16.7348672186158,91.4117876719683,22.3924468681216,16.2595850620419
"32",69.6108720204527,80.1116946619004,13.6115175810243,90.4174002865329,27.5510714589618,21.3893497241661
"33",45.1265385443478,97.4985051434487,14.7862530868234,68.9515567896888,13.6922215009108,14.6618072614074
"34",71.9832630986481,7.79083240777254,6.47126665112695,46.4431905932724,9.84279126767069,12.488114801934
"35",67.5264572412441,41.3285644724965,17.4398654185768,81.3962016999722,21.1225849846378,19.7408963746857
"36",41.6820095212265,67.7632504375651,15.8728754476511,48.429553587921,3.12700411095284,11.1297182495473
"37",64.6583782315853,86.5181884495541,17.1363476315247,26.527219642885,4.57389311422594,9.76068807777483
"38",86.8761853601451,36.4341748179868,15.5831819005044,55.0645440164953,32.8667996244039,26.3451090595918
"39",96.2371206296541,14.5703715505078,16.2503757846675,60.9353660419583,35.1430358879734,24.911748808925
"40",30.3673591520105,8.31767441704869,14.9109030046633,97.0543805323541,7.75725050270557,10.8290247544646
"41",25.8011592243465,40.7460717251524,18.8993021385478,105.53425068967,19.1143752567004,18.7912815938471
"42",20.1048439908108,40.6920157838613,10.0480460674901,81.75789271947,5.67538065975532,11.3128723083064
"43",16.1499698692866,66.7410660302266,8.39564025282328,98.2861559186131,9.25140362954699,11.239070524578
"44",60.6194402639022,0.0297707738354802,9.13602823657649,92.7390768937767,33.8372387134004,25.5884683598997
"45",29.9733519204027,14.556324458681,11.9719895797649,72.4141581496224,5.79527774150483,8.53947801294271
"46",29.9220415335747,64.3587815808132,11.9858465498047,98.8233436644077,23.1620495442767,20.030909479945
"47",49.4035014381699,28.1673105666414,18.7318910819345,58.5493733221665,10.1142009862233,14.6345664096298
"48",65.3438852713976,52.5598754175007,9.86720776677664,64.9459888506681,22.0872745420784,20.6689532364253
"49",69.3468373976781,15.1754140388221,11.7147249426427,43.5414024675265,14.6070127109997,14.404869123362
"50",53.6154419941828,98.7246452830732,13.3932913346216,66.5785974403843,16.6733651901595,15.4614875076804
"51",70.6590884701814,65.4639109270647,8.72117369156331,77.5686838943511,18.1615450980607,17.9927866569487
"52",82.9956340586833,36.1173237441108,17.3155686885917,22.702775830403,4.56185509241186,8.48165423970204
"53",111.62075654873,3.09694192837924,10.9383426427043,34.613948832266,32.5493412257638,22.7391700005392
"54",52.088188656812,73.0745570501313,11.838354486839,80.0069473031908,30.768045443343,23.1322288095253
"55",37.37812351631,91.7064492125064,18.948263309896,114.999394402839,25.645814828109,20.1899968711659
"56",68.1294229500328,96.4490997837856,17.8927216431392,64.6284731850028,9.07265679934062,11.8754211383639
"57",66.1384776956003,11.3373382948339,16.7793046192133,81.6506898077205,29.0284744640812,20.3282793199178
"58",31.9293666558141,47.5430510705337,13.5927908840988,115.672303182073,28.8177775011864,20.7864553109976
"59",60.5657567469137,74.5219341944903,9.88605396529394,51.1349216848612,8.03696275595576,11.4979126183316
"60",89.9544736568417,2.75522829033434,16.3146787940391,28.2713770214468,35.4629606138915,23.4610363976099
"61",74.1341479942336,15.8435056451708,13.480314018737,36.9868890661746,23.0463507715613,18.2642458595801
"62",21.0056392400526,12.2890963684767,14.7846887651831,109.826877135783,16.5992840207182,14.4279224944767
"63",41.5731633474186,13.3605967042968,8.23194246206965,77.4792496394366,28.83935583313,21.0063336790772
"64",69.4799176529981,85.1822166703641,15.2234033988789,35.4969859402627,19.2428393536247,18.017646207707
"65",30.6240143251938,59.0002524433658,10.5974752711398,113.928943481296,14.9507712901104,17.3561054469319
"66",69.8913925231634,15.3769480763003,14.7747603150617,65.932599552907,17.9525378069375,16.6671883292729
"67",39.409451355865,89.4618067890406,19.9386269025771,107.106879102066,11.9656184492633,11.9481057203375
"68",51.0918831578389,76.0252743726596,17.8641266503504,77.1657395921648,27.2248561682645,19.9676902418723
"69",55.4180107640435,25.8526391116902,13.6622315202174,87.3573405249044,23.8807463974226,20.1007093769731
"70",41.0758098359153,7.3448435170576,12.8228069457359,118.148949677125,25.4586672063451,21.8766677019885
"71",45.4204841750075,63.946014852263,19.3783014932913,90.8277054131031,8.67843469162472,10.6168621884426
"72",31.2360354554839,95.9742743056267,19.9668189231306,100.933813145384,19.5714550339617,16.4533607482444
"73",34.0278374150262,54.1108358185738,11.923411615592,73.316924511455,3.64606463722885,10.7021342562512
"74",72.8863104719802,36.4546972792596,14.3794094226988,57.3517649248242,4.54587738402188,11.0069068365265
"75",57.55029096012,56.5083761932328,18.9860196225345,56.7135304026306,3.41420837468468,11.2019404933089
"76",14.1267779504149,15.4711689567193,11.0682410978313,93.5097041353583,10.0976942225825,11.8958228140837
"77",72.7975109982703,50.4389274399728,19.3341344545728,75.0432456890121,27.2770578195341,21.4812529350165
"78",10.0052747738148,48.8288222346455,10.0998397556001,96.2999746017158,4.77670119749382,11.8039739127271
"79",39.7568379687478,84.3020541360602,10.1559304878382,105.335622983985,13.1130809758324,13.50804481667
"80",68.0716779404919,46.1937110638246,12.3858926133918,29.1789783677086,22.6920920100529,17.05372896872
"81",100.189032882259,35.2753987768665,7.53085390917425,54.8749554017559,33.370002103271,23.6766735430574
"82",45.515168499135,48.8498022779822,16.6105050054778,69.6352353133261,14.1806758162566,13.106654925039
"83",27.2896643842105,10.6114117661491,7.0002377172932,103.825895842165,21.2981718571391,16.333728761063
"84",82.5746102310518,75.9145037503913,11.8464894305382,50.7986446889117,8.01650612638332,13.9264287684346
"85",99.0114608203926,46.859726193361,17.7898273288405,46.9846740178764,32.751898402581,24.254482139484
